0.50028503
0.50025227
0.50016245
0.50021735
0.50026625
0.50019313
0.50020327
0.50017034
0.50013588
0.50000225
0.50012501
0.49981217
0.50007800
0.49992493
0.50031751
0.50017355
0.50027286
0.50016177
0.50013125
0.50004133
0.50000257
0.50016370
0.50027071
0.49978803
0.49980583
0.50016696
0.49994203
0.50030001
0.50005180
0.50019031
0.49987717
0.49990901
0.50005507
0.50011291
0.50017362
0.50006914
0.49998098
0.50011363
0.50018220
0.50005963
0.50021448
0.49997015
0.49997650
0.50003105
0.49999608
0.50017053
0.49989806
0.50013364
0.49997573
0.50022432
0.50033078
0.50038402
0.49995669
0.50014314
0.49988908
0.49989862
0.50011680
0.50003158
0.49973361
0.49997565
0.50014297
0.50005495
0.50007197
0.50032176
0.49997226
0.50007627
0.49981487
0.50007946
0.50007048
0.50007745
0.50011513
0.50013531
0.50021531
0.50022895
0.49993814
0.50005015
0.49980536
0.50021889
0.50003721
0.49992831
0.49991017
0.49998022
0.50002961
0.49993906
0.50004940
0.50004378
0.50003183
0.50015031
0.50006808
0.50009388
0.50011268
0.50002697
0.49993234
0.49999199
0.50003809
0.50009995
0.50000979
0.49997641
0.50012538
0.50025505
