-0.90813931
-0.93065967
-0.93538037
-0.88811694
-0.90595667
-0.90041909
-0.91360286
-0.90717233
-0.91146018
-0.90023700
-0.91640562
-0.92460135
-0.92488210
-0.90687732
-0.89558760
-0.91843508
-0.92105563
-0.89535867
-0.91295397
-0.90086291
-0.90293823
-0.92691480
-0.89363010
-0.91261435
-0.89379563
-0.91294142
-0.92452037
-0.90075971
-0.92486368
-0.90183818
-0.89852484
-0.92169740
-0.90783879
-0.90465777
-0.91819864
-0.90838664
-0.90377816
-0.89756681
-0.89398373
-0.91430170
-0.92531404
-0.91460824
-0.91515372
-0.94896760
-0.90985468
-0.89502603
-0.91432461
-0.90406088
-0.89922947
-0.89801440
