-0.91959602
-0.94133496
-0.95878269
-0.91372721
-0.93030781
-0.91194755
-0.92052499
-0.92604569
-0.90900875
-0.91274907
-0.91824195
-0.92441763
-0.92619942
-0.91712083
-0.91541754
-0.92505260
-0.91983385
-0.91561350
-0.91970499
-0.92113811
-0.90245081
-0.92776889
-0.90641565
-0.91804962
-0.91024582
-0.91955793
-0.92489049
-0.92705782
-0.93546349
-0.92041494
-0.90920332
-0.92408339
-0.91337140
-0.91744758
-0.92719726
-0.92018002
-0.90586931
-0.90862861
-0.90102932
-0.93123210
-0.93842984
-0.93057069
-0.92060795
-0.96535633
-0.91625729
-0.90123165
-0.91858547
-0.91731930
-0.91058738
-0.91103771
