-0.92116414
-0.94254607
-0.96042864
-0.91888008
-0.93516478
-0.91259683
-0.92176977
-0.92755063
-0.91183938
-0.90911444
-0.91813199
-0.92550682
-0.92616759
-0.91865055
-0.91471798
-0.92472873
-0.92282626
-0.92006496
-0.91939534
-0.91740339
-0.90491736
-0.92652335
-0.90773607
-0.92013111
-0.90762631
-0.91818001
-0.92649998
-0.91918492
-0.93186733
-0.92050950
-0.90994955
-0.92390496
-0.91495301
-0.91548745
-0.92826473
-0.91714012
-0.90629944
-0.90799112
-0.90182288
-0.93172546
-0.93592052
-0.93018879
-0.92263129
-0.96508905
-0.91795202
-0.90189624
-0.91912857
-0.91797750
-0.91114847
-0.90750352
