-0.91203965
-0.91523133
-0.92772850
-0.90909616
-0.92218138
-0.91799775
-0.92031511
-0.91350262
-0.92182263
-0.91220427
-0.92993862
-0.91699978
-0.91033021
-0.89942364
-0.90891705
-0.89780569
-0.91110878
-0.90270994
-0.90142359
-0.90675970
-0.90420056
-0.91336647
-0.89661054
-0.90500438
-0.92395517
-0.90357406
-0.92662783
-0.90585774
-0.91326665
-0.91086522
-0.91391294
-0.90722722
-0.90388296
-0.90765642
-0.91184591
-0.91130850
-0.90787273
-0.91661681
-0.89990491
-0.90537030
-0.92967385
-0.91785365
-0.92431415
-0.91956250
-0.91740182
-0.91700399
-0.90747717
-0.91727688
-0.91643488
-0.91081998
