-0.92357523
-0.92820582
-0.92107173
-0.92219903
-0.92151010
-0.92363198
-0.91154344
-0.91296047
-0.92562272
-0.92052577
-0.92232038
-0.92011982
-0.92226293
-0.91889543
-0.91681800
-0.91656122
-0.91970178
-0.92464264
-0.92407478
-0.91738920
-0.92113724
-0.92648920
-0.91856263
-0.92502479
-0.92171138
-0.91841298
-0.91941152
-0.92054753
-0.92010485
-0.91838610
-0.92003058
-0.92459880
-0.92972930
-0.92268865
-0.92604906
-0.92322842
-0.92597853
-0.92234820
-0.91778539
-0.92454503
-0.92551751
-0.91622794
-0.92413524
-0.92902096
-0.92233624
-0.91718719
-0.91420572
-0.92367151
-0.91661192
-0.91223503
