-0.91344865
-0.91913312
-0.90984672
-0.91855751
-0.91262339
-0.90878767
-0.90396684
-0.90905919
-0.91875388
-0.91272485
-0.91689448
-0.90943005
-0.91196207
-0.91083339
-0.90615936
-0.91257502
-0.91017842
-0.91567553
-0.91375995
-0.91215800
-0.91048134
-0.91452584
-0.91160461
-0.91226832
-0.91684248
-0.91432930
-0.90841505
-0.91836614
-0.91033345
-0.91251201
-0.91658537
-0.91543975
-0.91510530
-0.92181405
-0.91606208
-0.91251428
-0.91663088
-0.91438402
-0.91519460
-0.92166983
-0.91827471
-0.90410992
-0.92173113
-0.92334176
-0.91202783
-0.91150924
-0.90958747
-0.91266324
-0.91598783
-0.90531088
