-0.91582120
-0.91987140
-0.94585416
-0.91987037
-0.92610803
-0.92021787
-0.92638709
-0.92461237
-0.92736190
-0.92572457
-0.93303277
-0.92034911
-0.92055015
-0.91498129
-0.92073297
-0.91943684
-0.92424037
-0.90934485
-0.90868244
-0.91059553
-0.91667278
-0.92037882
-0.90389592
-0.90936367
-0.93102505
-0.91814688
-0.92819747
-0.91238594
-0.91717724
-0.91988153
-0.92334605
-0.91563258
-0.92159457
-0.91074281
-0.91514168
-0.91787915
-0.92008207
-0.91785358
-0.90823512
-0.90865720
-0.94349208
-0.93059065
-0.92472120
-0.92169488
-0.92421757
-0.91563076
-0.91913204
-0.92874385
-0.91663424
-0.91740845
