-0.92366200
-0.92849718
-0.91989566
-0.92265234
-0.92171802
-0.92355521
-0.91114489
-0.91174631
-0.92428102
-0.92058304
-0.92201784
-0.92041302
-0.92328268
-0.91897365
-0.91750742
-0.91733743
-0.91985812
-0.92444320
-0.92463878
-0.91726293
-0.92155691
-0.92781043
-0.91833373
-0.92542619
-0.92047370
-0.91845401
-0.91967975
-0.91901059
-0.92016420
-0.91806308
-0.91983453
-0.92436894
-0.92877854
-0.92249901
-0.92510207
-0.92330510
-0.92743796
-0.92371911
-0.91724007
-0.92449194
-0.92770651
-0.91757180
-0.92491102
-0.92933889
-0.92212753
-0.91687458
-0.91475473
-0.92429102
-0.91579680
-0.91223316
