0.50000395
0.49999796
0.50000316
0.49999638
0.49999263
0.49999361
0.50000390
0.50000499
0.49999766
0.50000462
0.50000371
0.49999318
0.49999821
0.50000803
0.50001874
0.49999896
0.49999859
0.49999497
0.50000166
0.50000989
0.50000006
0.50000006
0.49999719
0.49999876
0.49999700
0.50000550
0.50000211
0.49999369
0.49999870
0.50000390
0.50000172
0.49999847
0.49999519
0.50000289
0.50000464
0.49999655
0.49999846
0.49998816
0.49998945
0.50000515
0.49999840
0.49998889
0.50000045
0.49999715
0.49999404
0.50000008
0.50001083
0.50000634
0.49998998
0.50000613
0.50000218
0.50000183
0.50000629
0.50001155
0.50000277
0.50000223
0.50000091
0.49999893
0.50000594
0.50000327
0.50000713
0.50000532
0.49999775
0.49999758
0.50000528
0.50000018
0.50000470
0.49999832
0.49999585
0.49999594
0.50000093
0.50000174
0.50000264
0.50000105
0.50000310
0.50000995
0.49999595
0.49999776
0.50000353
0.50000110
0.49999911
0.50000141
0.50000612
0.50000110
0.49999519
0.50000079
0.49999834
0.49999469
0.50000060
0.49999628
0.50001031
0.50000192
0.49999630
0.50000763
0.50000002
0.49999770
0.50000649
0.50000887
0.49999197
0.49999687
