-0.92153909
-0.94234848
-0.95861949
-0.91927948
-0.93362708
-0.90800519
-0.92084313
-0.93331600
-0.91037946
-0.90890709
-0.91766798
-0.92526372
-0.92633956
-0.91675716
-0.91563436
-0.92483598
-0.92175822
-0.92112163
-0.92315903
-0.91737777
-0.90509398
-0.92517325
-0.90742673
-0.91922858
-0.90750044
-0.91840370
-0.92657460
-0.91784352
-0.93259354
-0.92158461
-0.90972861
-0.92357781
-0.91502602
-0.91538851
-0.92866432
-0.91665235
-0.90592507
-0.90077616
-0.90116555
-0.93003985
-0.93616882
-0.92963136
-0.92139586
-0.95993857
-0.91742411
-0.90195741
-0.91937515
-0.91708236
-0.91122179
-0.90689962
