-0.92340109
-0.92833010
-0.92093120
-0.92217859
-0.92146376
-0.92391156
-0.91146687
-0.91290871
-0.92534865
-0.92043945
-0.92220107
-0.92019172
-0.92184014
-0.91880394
-0.91680459
-0.91679618
-0.91975746
-0.92451588
-0.92406073
-0.91719020
-0.92121594
-0.92674536
-0.91857261
-0.92498274
-0.92183096
-0.91853696
-0.91941674
-0.92039956
-0.92017608
-0.91833972
-0.92006907
-0.92463929
-0.92969832
-0.92268253
-0.92612852
-0.92306446
-0.92608649
-0.92243464
-0.91781146
-0.92453742
-0.92558348
-0.91621427
-0.92410949
-0.92903134
-0.92226967
-0.91716235
-0.91422241
-0.92351872
-0.91649192
-0.91225553
