-0.92122213
-0.94277937
-0.96013821
-0.91774624
-0.93322740
-0.91466696
-0.92209196
-0.92750642
-0.91185486
-0.90888496
-0.91816839
-0.92516670
-0.92699505
-0.91828930
-0.91463284
-0.92494141
-0.92307131
-0.92069103
-0.91876271
-0.91721918
-0.90536795
-0.92715206
-0.90783396
-0.92034203
-0.90746465
-0.91773077
-0.92636194
-0.91925002
-0.93170544
-0.92036425
-0.91049555
-0.92397686
-0.91494948
-0.91538994
-0.92817923
-0.91708335
-0.90595515
-0.91000107
-0.90203652
-0.93234300
-0.93562073
-0.92970264
-0.92351222
-0.96098019
-0.91836103
-0.90184230
-0.91855815
-0.91801396
-0.91064358
-0.90742784
