-0.91334840
-0.92043435
-0.94761929
-0.92074406
-0.92605723
-0.91934369
-0.92691356
-0.92447174
-0.92887617
-0.92613212
-0.93019063
-0.92177032
-0.92011354
-0.91435238
-0.92123046
-0.91458221
-0.92420756
-0.91264063
-0.91006764
-0.91070516
-0.91735490
-0.92032138
-0.90485861
-0.91042645
-0.93086685
-0.92016050
-0.92977701
-0.91192718
-0.91688604
-0.91943144
-0.92078265
-0.91721075
-0.92630142
-0.91096923
-0.91601654
-0.91867770
-0.92050186
-0.91821591
-0.90946101
-0.90705239
-0.94343822
-0.93263975
-0.92493056
-0.92232592
-0.92275800
-0.91691091
-0.91793975
-0.92710486
-0.91963355
-0.91710212
