-0.91321541
-0.91972321
-0.94682447
-0.92155820
-0.92593214
-0.91956239
-0.92689097
-0.92411084
-0.92824775
-0.92646472
-0.92991524
-0.92175718
-0.92038197
-0.91450942
-0.92156555
-0.91474437
-0.92415368
-0.91199331
-0.91059522
-0.91079497
-0.91737335
-0.91931513
-0.90531250
-0.91074210
-0.93080285
-0.91936409
-0.92959713
-0.91188339
-0.91665545
-0.92012379
-0.92074226
-0.91708556
-0.92198391
-0.91090345
-0.91572513
-0.91924569
-0.92031313
-0.91833355
-0.90956401
-0.90766922
-0.94353184
-0.93168861
-0.92441594
-0.92164613
-0.92244066
-0.91665389
-0.91750183
-0.92687282
-0.91971486
-0.91682146
