-0.92395561
-0.92785963
-0.92123203
-0.92227493
-0.92167782
-0.92322357
-0.91151761
-0.91237758
-0.92559740
-0.92087107
-0.92214814
-0.91984792
-0.92317802
-0.91918083
-0.91693859
-0.91648033
-0.91961756
-0.92466744
-0.92476167
-0.91759572
-0.92129878
-0.92714142
-0.91833699
-0.92524542
-0.92088070
-0.91732564
-0.91918327
-0.92024560
-0.91996026
-0.91830162
-0.91993401
-0.92434519
-0.92941955
-0.92261403
-0.92557484
-0.92332509
-0.92597871
-0.92245235
-0.91744935
-0.92462028
-0.92601781
-0.91704649
-0.92487427
-0.92912602
-0.92256426
-0.91711690
-0.91437127
-0.92405947
-0.91643591
-0.91242758
