0.49999751
0.50003016
0.49999983
0.49995551
0.50002638
0.49996937
0.49998075
0.50001966
0.50001423
0.50004150
0.50001500
0.49993201
0.50004304
0.50004120
0.49997717
0.50002017
0.49996268
0.49995921
0.50003672
0.49997014
0.50000607
0.50000580
0.49992804
0.49999576
0.50003295
0.49997674
0.50001868
0.50002601
0.49997171
0.49997682
0.50001387
0.50001280
0.49997508
0.49990524
0.49999202
0.50001207
0.50006401
0.49999373
0.49999273
0.49995223
0.50002218
0.50007291
0.50004732
0.49996670
0.50003685
0.49993767
0.49998911
0.50003605
0.49999172
0.49992997
0.49997983
0.50002885
0.49997259
0.49998433
0.49999178
0.50000696
0.49997230
0.49999590
0.50004482
0.50002150
0.49998761
0.49994578
0.49997628
0.50002776
0.50001144
0.50004331
0.49999510
0.49999810
0.50000292
0.49998944
0.50004476
0.50004808
0.50004049
0.49997263
0.50002645
0.50008572
0.49999823
0.50002775
0.50000133
0.50003523
0.49994758
0.50002365
0.49997020
0.50005178
0.50000477
0.49998033
0.49996425
0.50001165
0.50002310
0.50000205
0.49995890
0.49998968
0.49999319
0.50005665
0.50000241
0.50000096
0.49999479
0.49998233
0.50003081
0.49995994
