0.50173224
0.50023268
0.50158266
0.50239436
0.50179226
0.50163766
0.50210770
0.50186593
0.50074197
0.50198441
0.50158120
0.50148419
0.50079758
0.50216066
0.50068828
0.50259564
0.50184193
0.50207217
0.50055410
0.50310797
0.50172465
0.50253548
0.50215509
0.50089714
0.50061886
0.50194271
0.50069556
0.50063212
0.50171632
0.50155697
0.50219289
0.49992782
0.50064966
0.50140241
0.50243665
0.50127351
0.50213997
0.50135059
0.50110319
0.50120082
0.49975367
0.50070709
0.50022705
0.50115272
0.50136269
0.49986910
0.50135197
0.50106100
0.50154108
0.50078978
0.50075761
0.50133239
0.50203499
0.50074564
0.50071111
0.50193802
0.50111581
0.50205260
0.50071761
0.50087289
0.50011587
0.50076282
0.50126999
0.50016962
0.50033001
0.50038517
0.50146171
0.50209353
0.50037732
0.50032926
0.50105968
0.50088216
0.50048497
0.50137211
0.50123923
0.50013668
0.50105543
0.50111661
0.50040776
0.50033701
0.49956537
0.50023683
0.50128500
0.50129265
0.50037990
0.50065369
0.50122264
0.50144446
0.50115515
0.50027885
0.50037035
0.50023310
0.50103579
0.50077617
0.49988496
0.50079958
0.50116291
0.50105817
0.50098455
0.50059191
