0.49997350
0.49999413
0.49999233
0.50000845
0.49999048
0.50000555
0.49999013
0.49999441
0.49999966
0.50001391
0.49997790
0.49997812
0.49998329
0.50002223
0.49997939
0.49997398
0.49999631
0.50001142
0.49999254
0.50000162
0.49997085
0.50000756
0.50000982
0.49999614
0.50000317
0.49999151
0.50001373
0.49998992
0.49998160
0.49998513
0.50001020
0.49998089
0.50002818
0.50000920
0.49999412
0.49998050
0.49999330
0.49999579
0.49997568
0.49999039
0.50001464
0.49999575
0.50000262
0.50000802
0.50000741
0.50001123
0.49999379
0.49999335
0.49999167
0.50001142
0.49998868
0.50001365
0.49999230
0.49998455
0.50000229
0.50000985
0.49999393
0.49999416
0.49999698
0.49998414
0.50000223
0.50000557
0.49998881
0.50000354
0.49998091
0.50000027
0.50000864
0.49998060
0.50001848
0.50002162
0.49999928
0.49999242
0.50000167
0.49998939
0.49999889
0.49998721
0.49998211
0.50000251
0.49999476
0.50001288
0.49999652
0.50000386
0.50000415
0.49997928
0.50001464
0.49999390
0.49998358
0.49999905
0.50001127
0.49997970
0.50000816
0.49999725
0.49999897
0.50000653
0.49998580
0.50000853
0.49999561
0.49998346
0.50000180
0.50000900
