0.50001467
0.50000263
0.49999968
0.49999952
0.49999952
0.49999952
0.49999952
0.49999953
0.49999952
0.49999952
0.49999952
0.49999952
0.49999952
0.49999953
0.49999952
0.49999952
0.49999952
0.49999952
0.49999953
0.49999952
0.49999952
0.49999952
0.49999952
0.49999952
0.49999952
0.49999952
0.49999952
0.49999952
0.49999952
0.49999952
0.49999952
0.49999952
0.49999952
0.49999953
0.49999952
0.49999952
0.49999952
0.49999952
0.49999953
0.49999952
0.49999952
0.49999953
0.49999952
0.49999952
0.49999952
0.49999953
0.49999952
0.49999953
0.49999953
0.49999952
0.49999952
0.49999953
0.49999953
0.49999952
0.49999953
0.49999952
0.49999952
0.49999952
0.49999953
0.49999952
0.49999953
0.49999952
0.49999953
0.49999952
0.49999952
0.49999952
0.49999952
0.49999952
0.49999952
0.49999953
0.49999952
0.49999952
0.49999952
0.49999952
0.49999952
0.49999952
0.49999952
0.49999952
0.49999953
0.49999952
0.49999952
0.49999952
0.49999952
0.49999952
0.49999952
0.49999952
0.49999953
0.49999952
0.49999952
0.49999952
0.49999952
0.49999952
0.49999952
0.49999952
0.49999952
0.49999952
0.49999952
0.49999952
0.49999952
0.49999952
