0.49999049
0.49999792
0.50000329
0.49999829
0.49999042
0.49999941
0.49999060
0.49999746
0.50000230
0.49999759
0.50000237
0.49999914
0.49999596
0.50000125
0.50000242
0.49999402
0.50000933
0.50000829
0.50000091
0.50000854
0.49999911
0.49999932
0.50000130
0.49999181
0.49998815
0.50001495
0.50000338
0.49999174
0.50000888
0.49999067
0.50000087
0.50000449
0.50000034
0.50000981
0.50000089
0.50000575
0.49999863
0.49999918
0.49999743
0.50000092
0.49999936
0.50000906
0.50000111
0.49999697
0.49999589
0.50000064
0.49999455
0.50000763
0.50000657
0.50000132
0.50000215
0.49999118
0.50000428
0.49999178
0.50000134
0.50000097
0.49999637
0.49999321
0.49999844
0.50000217
0.50000716
0.49999883
0.49999434
0.50001117
0.50000342
0.50000252
0.49999474
0.50000902
0.50000142
0.50000753
0.49999736
0.50000013
0.49999071
0.49999704
0.50000562
0.50000434
0.50000609
0.49999604
0.50000381
0.49998817
0.50000075
0.49999312
0.50000266
0.49999959
0.49999532
0.49999863
0.50000452
0.50001697
0.49998859
0.49999881
0.50000733
0.50000010
0.50000464
0.49999916
0.49999986
0.49999242
0.49999535
0.49999772
0.49999606
0.49999197
