0.51744909
0.50053070
0.50005058
0.49999661
0.50002513
0.49999998
0.50000591
0.50001559
0.49999839
0.49998619
0.49999506
0.50000264
0.50001092
0.49999514
0.49999090
0.49999182
0.49998659
0.50000878
0.49999573
0.50000001
0.50000386
0.50000049
0.49999523
0.49998026
0.49999322
0.49998852
0.50000983
0.50001768
0.49999213
0.50000048
0.50000246
0.49998119
0.49999910
0.50000044
0.49997728
0.49999523
0.50001371
0.50000225
0.49999326
0.50000440
0.49999699
0.50001176
0.49998057
0.49999713
0.50000246
0.49997543
0.49999533
0.50000117
0.49998863
0.49999078
0.49999369
0.49999596
0.50001102
0.49998893
0.50000536
0.49999204
0.49999942
0.50000933
0.49999976
0.50000111
0.49998478
0.50000332
0.49998210
0.50001075
0.50003083
0.49999709
0.49999185
0.49999780
0.50001449
0.49997372
0.50000401
0.50000143
0.50001023
0.49999381
0.49999057
0.49998300
0.49998054
0.49998191
0.50000419
0.49999439
0.50000528
0.49999511
0.50000189
0.49999935
0.49999685
0.49999797
0.49999336
0.49998251
0.49999798
0.49999621
0.49999795
0.49997811
0.50000506
0.49998613
0.49999043
0.49999554
0.50000443
0.49998902
0.50000735
0.49999753
