0.50015735
0.49999573
0.49999807
0.49999949
0.49999950
0.49999966
0.49999960
0.49999968
0.49999950
0.49999951
0.49999974
0.49999949
0.49999949
0.49999947
0.49999970
0.49999950
0.49999947
0.49999943
0.49999962
0.49999945
0.49999956
0.49999949
0.49999945
0.49999960
0.49999964
0.49999944
0.49999954
0.49999949
0.49999952
0.49999950
0.49999964
0.49999963
0.49999941
0.49999957
0.49999955
0.49999968
0.49999934
0.49999956
0.49999949
0.49999941
0.49999952
0.49999961
0.49999947
0.49999943
0.49999946
0.49999949
0.49999946
0.49999943
0.49999939
0.49999954
0.49999946
0.49999970
0.49999974
0.49999952
0.49999950
0.49999956
0.49999950
0.49999954
0.49999951
0.49999967
0.49999955
0.49999945
0.49999943
0.49999949
0.49999962
0.49999947
0.49999951
0.49999944
0.49999937
0.49999952
0.49999959
0.49999962
0.49999966
0.49999940
0.49999950
0.49999957
0.49999962
0.49999945
0.49999950
0.49999962
0.49999959
0.49999953
0.49999946
0.49999955
0.49999949
0.49999959
0.49999961
0.49999950
0.49999965
0.49999961
0.49999957
0.49999950
0.49999949
0.49999953
0.49999959
0.49999954
0.49999942
0.49999960
0.49999945
0.49999951
