-0.93566801
-0.95837106
-0.95412184
-0.94682366
-0.96280424
-0.96452664
-0.92885361
-0.93250593
-0.95178879
-0.94120743
-0.95190355
-0.93151950
-0.95246089
-0.95025686
-0.94366765
-0.95127398
-0.95646419
-0.92796983
-0.93822021
-0.94440114
-0.94255683
-0.93645559
-0.92864564
-0.93569632
-0.97652021
-0.93257849
-0.94545461
-0.94782383
-0.95134912
-0.95039515
-0.95309263
-0.93741974
-0.95737412
-0.97883542
-0.94747639
-0.95394449
-0.93310915
-0.96763532
-0.96156719
-0.94959468
-0.93871025
-0.93326984
-0.94392478
-0.94687484
-0.94109379
-0.92242969
-0.94934811
-0.95298944
-0.96608578
-0.95094205
-0.95433114
-0.95728186
-0.95385762
-0.95580433
-0.94276757
-0.95711464
-0.94459418
-0.95144854
-0.96511304
-0.95044894
-0.94995917
-0.94898756
-0.92630536
-0.93283019
-0.96267301
-0.96468436
-0.96118477
-0.95715352
-0.94663078
-0.94067432
-0.94872491
-0.93643119
-0.93334045
-0.94764341
-0.93464499
-0.94484330
-0.94575367
-0.92359347
-0.94730168
-0.94111925
-0.94492945
-0.96344862
-0.94884247
-0.94970130
-0.93662611
-0.94940495
-0.93550915
-0.95544540
-0.95923768
-0.96499000
-0.96442015
-0.96603527
-0.95951603
-0.93382058
-0.96851635
-0.94690146
-0.95468234
-0.92249667
-0.94574703
-0.96654118
-0.95363227
-0.96994786
-0.94714316
-0.93465707
-0.94153820
-0.93205756
-0.95146417
-0.94885370
-0.94112753
-0.95216315
-0.96981452
-0.95682468
-0.95556473
-0.95066387
-0.94832593
-0.94286270
-0.94888686
-0.93761340
-0.96092341
-0.93780318
-0.95368340
-0.95847887
-0.98101789
-0.93881112
-0.94639536
-0.94260941
-0.93011946
-0.95266367
-0.91901937
-0.94451808
-0.97159376
-0.94158733
-0.96216392
-0.95618847
-0.92506207
-0.94555240
-0.94004647
-0.96804201
-0.94725748
-0.92540555
-0.96185538
-0.95505687
-0.94675490
-0.95753519
-0.94546521
-0.96362280
-0.97407515
-0.96107531
-0.97074978
-0.93822795
-0.94697758
-0.97560202
-0.94100718
-0.92934410
-0.94328577
-0.94445281
-0.95290482
-0.94473373
-0.96144104
-0.94786046
-0.94645380
-0.94198637
-0.98059871
-0.97432155
-0.93451974
-0.95517064
-0.96576605
-0.96282720
-0.95296228
-0.96717710
-0.98896397
-0.94516326
-0.92972933
-0.91705926
-0.93951516
-0.96272499
-0.97405189
-0.94245389
-0.93955450
-0.95432667
-0.98033179
-0.94070037
-0.94352057
-0.92836431
-0.92255691
-0.95817997
-0.94574084
-0.93294802
-0.99228219
-0.94611133
-0.93942194
-0.94441583
-0.94368968
-0.95250475
-0.95594781
-0.95465058
-0.98180986
-0.96309754
-0.94723979
-0.95299033
