-0.92067098
-0.94218119
-0.96064739
-0.91788603
-0.93645793
-0.91343320
-0.92146704
-0.92715238
-0.91165881
-0.90956860
-0.91816946
-0.92585446
-0.92549139
-0.91924796
-0.91483557
-0.92501818
-0.92264728
-0.92004341
-0.91965225
-0.91804073
-0.90455911
-0.92720262
-0.90763318
-0.91984666
-0.90814776
-0.91833877
-0.92668733
-0.91907494
-0.93230397
-0.92046788
-0.90977137
-0.92376800
-0.91498848
-0.91574484
-0.92797266
-0.91763972
-0.90624288
-0.90685895
-0.90145090
-0.93141408
-0.93674202
-0.92980975
-0.92159472
-0.97462719
-0.91766443
-0.90190364
-0.91923223
-0.91786869
-0.91137082
-0.90819718
