-0.93430325
-0.95689317
-0.96009338
-0.94938402
-0.96103451
-0.96343923
-0.92977701
-0.93193803
-0.95759877
-0.94304343
-0.94725823
-0.93172511
-0.95055296
-0.95008598
-0.94531793
-0.94850807
-0.95223947
-0.92905224
-0.93602251
-0.94900615
-0.93889417
-0.94137837
-0.92976882
-0.93444824
-0.97458833
-0.93104911
-0.94571826
-0.94811682
-0.95106011
-0.94793806
-0.94644519
-0.93473374
-0.94964753
-0.97315719
-0.94733943
-0.95402664
-0.93332921
-0.96563511
-0.95746384
-0.94887919
-0.94163056
-0.93729983
-0.94553200
-0.94138035
-0.93775814
-0.92813909
-0.94576612
-0.94655504
-0.96335599
-0.95100342
-0.94768344
-0.95539583
-0.96022555
-0.94774124
-0.94121006
-0.95507939
-0.94210301
-0.94855366
-0.95480191
-0.95478863
-0.95018350
-0.94588544
-0.93951175
-0.93069981
-0.96228890
-0.95943928
-0.96157932
-0.95559429
-0.95001272
-0.94136490
-0.94904930
-0.94072781
-0.92614440
-0.97748800
-0.93349861
-0.94082677
-0.93590024
-0.92753902
-0.94584629
-0.94556827
-0.94638292
-0.96720348
-0.94893674
-0.95135327
-0.93726195
-0.94854435
-0.93355687
-0.95550956
-0.95732701
-0.96283074
-0.95647585
-0.97549769
-0.95662017
-0.93218121
-0.97537284
-0.95260462
-0.95788756
-0.92684215
-0.94700401
-0.97549548
-0.95062622
-0.96501601
-0.94832493
-0.93413663
-0.93856390
-0.93141554
-0.95508740
-0.94496398
-0.94379254
-0.95458374
-0.96232721
-0.95891294
-0.95208290
-0.95159215
-0.94389490
-0.94606146
-0.94802475
-0.93882673
-0.96025636
-0.93998299
-0.95178001
-0.95261123
-0.98152374
-0.93879822
-0.94399988
-0.94597999
-0.93185426
-0.95563093
-0.91898861
-0.94510983
-0.96281245
-0.94144801
-0.96630609
-0.96824112
-0.92007286
-0.94538834
-0.94954514
-0.95654084
-0.94379381
-0.92198097
-0.96279992
-0.95685807
-0.94383665
-0.95559728
-0.94387561
-0.96370101
-0.97385222
-0.96920710
-0.96799704
-0.94221366
-0.94867181
-0.97392020
-0.93896308
-0.93706149
-0.94244901
-0.95151133
-0.95125633
-0.94257209
-0.96205040
-0.94211585
-0.94589151
-0.94354891
-0.97847631
-0.97624354
-0.93320122
-0.95423803
-0.95982342
-0.96273084
-0.95355688
-0.96267319
-0.98159260
-0.94559590
-0.92699318
-0.91947255
-0.93958297
-0.96335529
-0.97045323
-0.94113016
-0.93512170
-0.95231774
-0.97301173
-0.94382512
-0.95487724
-0.92530096
-0.92349315
-0.95495403
-0.94195486
-0.93174128
-0.98971416
-0.94486084
-0.95699732
-0.94220507
-0.95103124
-0.95622196
-0.96082294
-0.95585327
-0.97776110
-0.96256623
-0.94719823
-0.95119854
