-0.92162883
-0.94115688
-0.95630340
-0.91168283
-0.92588128
-0.90223550
-0.92082594
-0.92774027
-0.91021769
-0.90843907
-0.91738006
-0.92592309
-0.92727022
-0.91503387
-0.91574589
-0.92472886
-0.92403329
-0.91591870
-0.91564687
-0.91576531
-0.90718165
-0.92564562
-0.90746956
-0.92175179
-0.90711757
-0.91554234
-0.92561092
-0.92245399
-0.93193160
-0.92167676
-0.91129660
-0.92189745
-0.91346180
-0.91493539
-0.92892444
-0.91587683
-0.90340968
-0.91192051
-0.90135841
-0.92925001
-0.93303623
-0.92817658
-0.92260573
-0.96102324
-0.92002697
-0.90186234
-0.91684251
-0.91739596
-0.91013650
-0.90296581
