-0.95523206
-0.93649690
-0.93642167
-0.98580497
-0.94832381
-0.96772194
-0.94762110
-0.95349578
-0.95444760
-0.95494746
-0.97035092
-0.95386376
-0.96064013
-0.94019966
-0.94187352
-0.94161064
-0.95987165
-0.96864894
-0.94537091
-0.95663875
-0.95931626
-0.95115730
-0.96933482
-0.95115073
-0.95417018
-0.95292156
-0.96691577
-0.95711750
-0.97136213
-0.94766295
-0.95875699
-0.94763224
-0.95668039
-0.95062931
-0.92482715
-0.95857168
-0.94659269
-0.95123302
-0.96115104
-0.94924909
-0.93543781
-0.94940900
-0.93342289
-0.96432875
-0.96030107
-0.96668779
-0.95385437
-0.96738753
-0.94890447
-0.93267768
-0.97095945
-0.95887424
-0.94596124
-0.94681206
-0.94195898
-0.96848769
-0.94585988
-0.94677604
-0.95478567
-0.95131884
-0.92223489
-0.96892920
-0.92734741
-0.94180071
-0.98692475
-0.96664448
-0.97339038
-0.96381113
-0.97221373
-0.94297878
-0.95642594
-0.97082599
-0.97852301
-0.96817498
-0.94712545
-0.94913358
-0.95172391
-0.95590287
-0.96308075
-0.93991431
-0.96659490
-0.95006623
-0.95673491
-0.96519035
-0.94373856
-0.94241545
-0.96978530
-0.96651387
-0.96231024
-0.94845871
-0.95665368
-0.93360931
-0.93730012
-0.96387820
-0.94988309
-0.94622493
-0.95727381
-0.96248103
-0.93763694
-0.93961298
-0.94919252
-0.95608331
-0.93847565
-0.94951296
-0.95587858
-0.95511335
-0.94390433
-0.95554658
-0.92782045
-0.94833133
-0.97027289
-0.95110488
-0.93661167
-0.97483783
-0.94384708
-0.93553647
-0.96548711
-0.97394625
-0.93782230
-0.96448693
-0.94251772
-0.92958683
-0.96176256
-0.92319869
-0.94843286
-0.93977165
-0.93680785
-0.96200981
-0.96300197
-0.94290728
-0.96454987
-0.97383747
-0.95431433
-0.95486214
-0.92189747
-0.98137875
-0.94015828
-0.96538501
-0.96109379
-0.93566211
-0.95729900
-0.93956479
-0.94848216
-0.93663485
-0.96968204
-0.94395786
-0.94662409
-0.94182849
-0.93805927
-0.98407415
-0.93157956
-0.94565305
-0.96729034
-0.94512889
-0.96893446
-0.97321633
-0.95300044
-0.95077522
-0.97285798
-0.95458222
-0.94839213
-0.94877409
-0.95659625
-0.96247045
-0.95734230
-0.94913964
-0.96753659
-0.94778454
-0.93566899
-0.95526726
-0.95685373
-0.93754324
-0.97757071
-0.96743962
-0.95512939
-0.94130898
-0.93304740
-0.97539236
-0.95049985
-0.93877351
-0.94073895
-0.94666289
-0.94811108
-0.96689800
-0.97528257
-0.94440812
-0.95623881
-0.94671220
-0.94373345
-0.93524662
-0.97691896
-0.94265299
-0.94093351
-0.96922174
-0.95316006
-0.93464775
-0.95702318
-0.96576007
-0.95773087
-0.94939912
