-0.95429727
-0.94581101
-0.96293297
-0.95136811
-0.93438901
-0.96866038
-0.96115205
-0.95505208
-0.96916193
-0.92371915
-0.94955163
-0.94336155
-0.98653037
-0.96921105
-0.94503025
-0.94021061
-0.97467229
-0.96006941
-0.92987095
-0.97318225
-0.97061032
-0.93480108
-0.95096870
-0.95402424
-0.92551038
-0.95110842
-0.95845365
-0.94882153
-0.94522227
-0.92927480
-0.93640062
-0.96742475
-0.98090814
-0.94672546
-0.94015869
-0.95472859
-0.94905168
-0.93907190
-0.95988060
-0.97406944
-0.92411788
-0.93677982
-0.95657229
-0.96642003
-0.93033331
-0.92881249
-0.93960537
-0.95271098
-0.97435837
-0.96125360
-0.96781661
-0.96666012
-0.96098440
-0.95456929
-0.96500448
-0.96851004
-0.93609094
-0.94987945
-0.95282567
-0.95934758
-0.94976228
-0.97389593
-0.95298472
-0.95594245
-0.96701312
-0.93729040
-0.95868900
-0.96055832
-0.94951555
-0.93820855
-0.95217201
-0.93469732
-0.96118042
-0.96191000
-0.95795704
-0.95247009
-0.95146072
-0.95219993
-0.95351372
-0.94343098
-0.94443130
-0.94442719
-0.96074643
-0.95002598
-0.94287462
-0.94683007
-0.94369147
-0.95342043
-0.96741760
-0.97096632
-0.95740335
-0.96892166
-0.92832327
-0.94350283
-0.96314926
-0.95203252
-0.95403705
-0.95068914
-0.97210056
-0.95446480
-0.94826212
-0.93299752
-0.93225877
-0.93462146
-0.95882763
-0.95473826
-0.95584243
-0.96662418
-0.93334296
-0.95116746
-0.95147869
-0.96268053
-0.95451039
-0.95036853
-0.94490547
-0.96390291
-0.94413379
-0.95244811
-0.94998680
-0.96009131
-0.94826680
-0.93681026
-0.93950586
-0.95289180
-0.93095461
-0.93731335
-0.95461710
-0.96144911
-0.97380111
-0.92923274
-0.95395209
-0.96321505
-0.94693502
-0.96939363
-0.97596420
-0.96096069
-0.94159444
-0.93864526
-0.94853130
-0.94369061
-0.99695862
-0.94888212
-0.94724581
-0.97341271
-0.97007202
-0.94460002
-0.95681421
-0.97238418
-0.97205332
-0.95519963
-0.95981008
-0.94522006
-0.93947062
-0.95635360
-0.95004358
-0.94469589
-0.95253232
-0.96794973
-0.93524797
-0.93997907
-0.95081409
-0.95086661
-0.95442718
-0.94983307
-0.95140890
-0.95919540
-0.96298587
-0.96017394
-0.94052935
-0.95658146
-0.94655358
-0.92345300
-0.94653898
-0.96599956
-0.96824828
-0.95613951
-0.95312242
-0.95645118
-0.95042781
-0.95161576
-0.95157154
-0.95220339
-0.97186155
-0.94208929
-0.93994127
-0.96798186
-0.94158398
-0.92998564
-0.93809518
-0.94694064
-0.95986319
-0.94913016
-0.97301917
-0.93012419
-0.94275202
-0.94970597
-0.94960781
-0.92754230
-0.94930066
-0.95493360
