-0.95432520
-0.94494055
-0.96381687
-0.95161463
-0.93450182
-0.96866941
-0.96014926
-0.95502536
-0.96863757
-0.92405208
-0.94949543
-0.94704368
-0.98766561
-0.96889259
-0.94569114
-0.94050033
-0.97551807
-0.96114828
-0.93139598
-0.96602024
-0.97260278
-0.93564030
-0.95169306
-0.95405025
-0.92557623
-0.95113541
-0.95889966
-0.94853789
-0.94616295
-0.92894656
-0.93551488
-0.96764357
-0.98028476
-0.94492087
-0.94088464
-0.95464299
-0.94839935
-0.93903440
-0.95909828
-0.97372510
-0.92451324
-0.93695680
-0.95586603
-0.96604496
-0.92996749
-0.92868113
-0.93892860
-0.95242896
-0.97394716
-0.96159582
-0.97150477
-0.96606992
-0.96128902
-0.95367037
-0.96529809
-0.96908517
-0.93623209
-0.94965452
-0.95329830
-0.95996729
-0.95006960
-0.97350274
-0.95376525
-0.95601081
-0.96612963
-0.93797555
-0.95844206
-0.95980283
-0.94979020
-0.93771609
-0.95234072
-0.93295559
-0.96125819
-0.96100539
-0.95703513
-0.95230693
-0.95093073
-0.95209747
-0.95370460
-0.94294114
-0.94511335
-0.94484547
-0.96094185
-0.95077589
-0.94283005
-0.94643978
-0.94363978
-0.95257261
-0.96707028
-0.96835778
-0.95633731
-0.97052578
-0.92855898
-0.94378119
-0.95991544
-0.95175066
-0.95346581
-0.95014657
-0.97269267
-0.95435002
-0.94859389
-0.93312894
-0.93225894
-0.93560616
-0.95843787
-0.95422935
-0.95594903
-0.95896330
-0.93423756
-0.95242650
-0.95115578
-0.96320486
-0.95493436
-0.95070362
-0.94527396
-0.96466574
-0.94423300
-0.95263401
-0.95026971
-0.96069874
-0.94832158
-0.93703579
-0.93975960
-0.95383866
-0.93003986
-0.93685168
-0.95313506
-0.96274623
-0.97389463
-0.92901733
-0.95411130
-0.96299273
-0.94664920
-0.97925713
-0.97537205
-0.96157992
-0.94155000
-0.93904355
-0.94838725
-0.94350184
-0.99280920
-0.94933714
-0.94697904
-0.97407777
-0.97074859
-0.94421495
-0.95434020
-0.97226008
-0.97211236
-0.95431627
-0.96032176
-0.94545880
-0.94000385
-0.95493323
-0.95094791
-0.94542904
-0.95152867
-0.96802431
-0.93522582
-0.94068926
-0.95031703
-0.95112351
-0.95475898
-0.94971870
-0.95058638
-0.95828650
-0.96183189
-0.95976267
-0.94089502
-0.95627500
-0.94663903
-0.92384630
-0.94681697
-0.96590142
-0.96809417
-0.95596239
-0.95216814
-0.95689430
-0.94995146
-0.95152871
-0.94938853
-0.95191285
-0.97329667
-0.94207149
-0.93999068
-0.96762190
-0.94137893
-0.92957866
-0.93787863
-0.94669945
-0.95923454
-0.94809727
-0.97306271
-0.92974484
-0.94205582
-0.94984583
-0.94720513
-0.92760182
-0.95033082
-0.95468038
