-0.94685253
-0.93628824
-0.93598381
-0.98772705
-0.95013438
-0.96393795
-0.94737810
-0.95305550
-0.95231304
-0.94766545
-0.96085991
-0.95991987
-0.96222073
-0.94511493
-0.94467512
-0.93954270
-0.96100873
-0.96733220
-0.94812159
-0.95772056
-0.96490893
-0.95313802
-0.96877149
-0.94834684
-0.94843494
-0.95445309
-0.96664689
-0.95478137
-0.97171990
-0.94685262
-0.95355285
-0.94725680
-0.95526629
-0.95700275
-0.92177996
-0.95962268
-0.94105081
-0.95304689
-0.93743203
-0.94576978
-0.93884125
-0.95240072
-0.93766079
-0.96650532
-0.95856902
-0.96295853
-0.94919829
-0.97180626
-0.94593381
-0.93427761
-0.96797879
-0.95491966
-0.94691974
-0.94861952
-0.94131722
-0.96697224
-0.94637790
-0.95004436
-0.94641564
-0.94926156
-0.92483118
-0.96848523
-0.92676886
-0.94436469
-0.97273023
-0.96329406
-0.96838466
-0.96139703
-0.97511148
-0.93890602
-0.95715813
-0.96971068
-0.97257530
-0.96242775
-0.95149518
-0.94337008
-0.95237768
-0.95371291
-0.96153569
-0.93674130
-0.96817694
-0.94863730
-0.95697007
-0.96882912
-0.94004577
-0.94609176
-0.94689484
-0.96181891
-0.96470844
-0.94845725
-0.96094670
-0.93143801
-0.93463482
-0.95718420
-0.94472740
-0.94999311
-0.95958710
-0.95942466
-0.93926954
-0.93704416
-0.94934874
-0.95782476
-0.93868881
-0.95085812
-0.95883184
-0.94509836
-0.94387135
-0.94933494
-0.92722005
-0.94868150
-0.97405861
-0.95424471
-0.93333190
-0.98136609
-0.94260853
-0.93460357
-0.96371342
-0.97434412
-0.93592002
-0.96456544
-0.93290588
-0.92629696
-0.95835972
-0.92148051
-0.94822196
-0.94163565
-0.93838258
-0.96626983
-0.96108066
-0.94009460
-0.96337124
-0.96474345
-0.95311996
-0.95066936
-0.92025990
-0.96543017
-0.93979709
-0.96054163
-0.95620256
-0.93395295
-0.94558598
-0.94257053
-0.95035422
-0.93524167
-0.96978247
-0.94526751
-0.94289969
-0.93739763
-0.93377771
-0.98986273
-0.93437081
-0.94540125
-0.97043521
-0.94794179
-0.96951230
-0.96641234
-0.96987007
-0.94902953
-0.96864619
-0.95551951
-0.94457479
-0.94354786
-0.95514314
-0.96133743
-0.96170686
-0.94699459
-0.96614030
-0.93912962
-0.93427520
-0.94319055
-0.95619977
-0.93585850
-0.97299096
-0.96214068
-0.95715364
-0.93687092
-0.93936870
-0.98278515
-0.94708758
-0.93712918
-0.93784542
-0.94568291
-0.94695511
-0.95892177
-0.97664142
-0.94444734
-0.95159412
-0.94833724
-0.94666697
-0.93315736
-0.97451483
-0.94315458
-0.93854021
-0.96843164
-0.95526548
-0.93389245
-0.95917690
-0.96737725
-0.95562929
-0.94883295
