-0.93761464
-0.92682124
-0.92097280
-0.92260268
-0.92181568
-0.92276502
-0.91181680
-0.91276081
-0.92523326
-0.92124903
-0.92256836
-0.91899509
-0.92307544
-0.91905038
-0.91620302
-0.91581041
-0.91956853
-0.92563815
-0.92497110
-0.91929122
-0.92170295
-0.92675998
-0.91831946
-0.92472165
-0.92166946
-0.91735070
-0.91888970
-0.92085729
-0.92031960
-0.91805474
-0.91982833
-0.92456037
-0.92957687
-0.92218152
-0.92541957
-0.92357584
-0.92546703
-0.92170452
-0.91752155
-0.92516982
-0.92552041
-0.91595671
-0.92426847
-0.92830480
-0.92234819
-0.91674975
-0.91404533
-0.92368904
-0.91671507
-0.91238891
