-0.92360191
-0.92827169
-0.92074626
-0.92215454
-0.92155950
-0.92347636
-0.91149360
-0.91271139
-0.92528694
-0.92065226
-0.92226353
-0.92024895
-0.92246198
-0.91898602
-0.91679595
-0.91701407
-0.91982549
-0.92461713
-0.92431847
-0.91717707
-0.92116425
-0.92680026
-0.91887617
-0.92508730
-0.92157046
-0.91833866
-0.91931799
-0.91998499
-0.92018609
-0.91840741
-0.92004528
-0.92438724
-0.92964049
-0.92277534
-0.92576518
-0.92330248
-0.92565264
-0.92250915
-0.91762747
-0.92459320
-0.92581104
-0.91640125
-0.92435151
-0.92909534
-0.92274063
-0.91725419
-0.91419036
-0.92369785
-0.91651639
-0.91223213
