-0.91333039
-0.92097548
-0.94973298
-0.92119595
-0.92577811
-0.91908430
-0.92722209
-0.92470861
-0.92771050
-0.92576128
-0.93007306
-0.92166298
-0.92069403
-0.91419001
-0.92080895
-0.91551393
-0.92382674
-0.91036231
-0.90951143
-0.91061867
-0.91847549
-0.92015951
-0.90439684
-0.91115398
-0.93064262
-0.92052745
-0.93088853
-0.91179165
-0.91726820
-0.92016665
-0.92119066
-0.91654406
-0.92205958
-0.91124544
-0.91604081
-0.91901329
-0.92044794
-0.91799042
-0.90966105
-0.90714257
-0.94322050
-0.93194067
-0.92513217
-0.92157157
-0.92123317
-0.91690437
-0.91851307
-0.92790954
-0.91979972
-0.91662981
