-0.91325082
-0.92271831
-0.94742500
-0.91872859
-0.92655809
-0.91947833
-0.92644402
-0.92489531
-0.92875975
-0.92541589
-0.92993651
-0.92424283
-0.91952106
-0.91066372
-0.92139823
-0.91138147
-0.92315360
-0.90970538
-0.91001142
-0.91103546
-0.91600803
-0.92105758
-0.90480592
-0.90934314
-0.93131509
-0.91684229
-0.92960617
-0.91088831
-0.91799728
-0.92022403
-0.92051277
-0.92039352
-0.92964538
-0.91085644
-0.91726873
-0.91735243
-0.92189608
-0.91819815
-0.90947658
-0.90606210
-0.94229250
-0.93307080
-0.92686469
-0.92362590
-0.92420354
-0.91829754
-0.91689655
-0.92633381
-0.92072593
-0.91765345
