-0.91331044
-0.92120245
-0.94761740
-0.92061014
-0.92602216
-0.91958673
-0.92696640
-0.92424325
-0.92879280
-0.92597072
-0.92994537
-0.92216042
-0.92019569
-0.91379401
-0.92132196
-0.91399110
-0.92364726
-0.91297833
-0.91011019
-0.91070557
-0.91740325
-0.92043603
-0.90488281
-0.91046913
-0.93081839
-0.91958838
-0.92981874
-0.91185727
-0.91705673
-0.91919886
-0.92085867
-0.91726080
-0.93278320
-0.91092006
-0.91613632
-0.91870028
-0.92055416
-0.91834627
-0.90948134
-0.90688524
-0.94314947
-0.93313055
-0.92512294
-0.92282210
-0.92250642
-0.91720491
-0.91767922
-0.92717744
-0.91966190
-0.91694445
