2 0.00100000
4 0.00100000
6 0.00100000
8 0.00100000
10 0.00100000
12 0.00100000
14 0.00100000
16 0.00100000
18 0.00100000
2 0.05100000
4 0.05100000
6 0.05100000
8 0.05100000
10 0.05100000
12 0.05100000
14 0.05100000
16 0.05100000
18 0.05100000
2 0.10100000
4 0.10100000
6 0.10100000
8 0.10100000
10 0.10100000
12 0.10100000
14 0.10100000
16 0.10100000
18 0.10100000
2 0.15100000
4 0.15100000
6 0.15100000
8 0.15100000
10 0.15100000
12 0.15100000
14 0.15100000
16 0.15100000
18 0.15100000
2 0.20100000
4 0.20100000
6 0.20100000
8 0.20100000
10 0.20100000
12 0.20100000
14 0.20100000
16 0.20100000
18 0.20100000
2 0.25100000
4 0.25100000
6 0.25100000
8 0.25100000
10 0.25100000
12 0.25100000
14 0.25100000
16 0.25100000
18 0.25100000
2 0.30100000
4 0.30100000
6 0.30100000
8 0.30100000
10 0.30100000
12 0.30100000
14 0.30100000
16 0.30100000
18 0.30100000
2 0.35100000
4 0.35100000
6 0.35100000
8 0.35100000
10 0.35100000
12 0.35100000
14 0.35100000
16 0.35100000
18 0.35100000
2 0.40100000
4 0.40100000
6 0.40100000
8 0.40100000
10 0.40100000
12 0.40100000
14 0.40100000
16 0.40100000
18 0.40100000
10 0.25100000
