0.59699141
0.58928812
0.59521041
0.59145754
0.59129895
0.58557670
0.59426864
0.59200232
0.58668137
0.59085165
0.58250024
0.58619145
0.58577571
0.59164136
0.58675119
0.58106623
0.58311024
0.58323775
0.57681266
0.58145701
0.57788236
0.57998140
0.57972570
0.57895811
0.58240970
0.57867034
0.57442447
0.57255959
0.57505383
0.57576548
0.57405585
0.57574093
0.56847515
0.57850570
0.57079027
0.57401745
0.56883999
0.57249025
0.56534135
0.56914321
0.56977791
0.56885496
0.56510465
0.56532192
0.56573619
0.56852991
0.56981791
0.56460657
0.56386645
0.56839124
0.56898288
0.56362043
0.56611799
0.56392139
0.56067587
0.56679781
0.56072256
0.55888571
0.55952904
0.55841420
0.55949044
0.55942528
0.55625791
0.55516371
0.55562206
0.55639994
0.55931444
0.56003434
0.55505363
0.56069489
0.55740391
0.55478276
0.55695130
0.54970514
0.55509843
0.55565546
0.55372870
0.55281008
0.55236585
0.55523649
0.55173906
0.55013307
0.54865296
0.54756971
0.55326259
0.55020418
0.55082934
0.55064080
0.55019229
0.54791849
0.54545077
0.54679071
0.54975046
0.55221908
0.54820695
0.54784011
0.54711448
0.54334302
0.54216546
0.54799573
