0.50001189
0.49999923
0.49999977
0.50002785
0.49999542
0.49999524
0.50000615
0.50000410
0.50001660
0.49998555
0.49999851
0.49999757
0.50001081
0.50001663
0.50000798
0.50001064
0.50002128
0.50000066
0.49999417
0.49999580
0.50000784
0.50000646
0.49998257
0.49999186
0.49998854
0.50002354
0.49999132
0.49998408
0.49998922
0.50001616
0.49999658
0.49999615
0.49997961
0.49999521
0.49999733
0.50001375
0.50000822
0.50000151
0.49997575
0.50000887
0.49999157
0.50000292
0.50000174
0.50000914
0.50000737
0.49999836
0.50000422
0.50001074
0.49999579
0.50000073
0.49999470
0.50002678
0.49998217
0.50000315
0.50000844
0.50000891
0.49998478
0.49997163
0.49999644
0.49998627
0.50001346
0.50000367
0.50000566
0.50001742
0.49999302
0.50000264
0.50001041
0.50000735
0.50001112
0.50001079
0.50001656
0.50001141
0.49999176
0.50001059
0.50000909
0.50000181
0.50001202
0.50000392
0.49999688
0.50001257
0.50000897
0.49999143
0.50001581
0.50000264
0.50001573
0.49999953
0.49997525
0.50001141
0.50000999
0.50001005
0.50000130
0.50001021
0.49999736
0.49999892
0.49999834
0.50000715
0.50000097
0.49999132
0.50000337
0.50000548
