0.49997296
0.49999864
0.49999853
0.49999956
0.49999953
0.49999950
0.49999953
0.49999953
0.49999954
0.49999951
0.49999948
0.49999953
0.49999952
0.49999953
0.49999951
0.49999951
0.49999955
0.49999955
0.49999955
0.49999952
0.49999954
0.49999951
0.49999953
0.49999953
0.49999953
0.49999953
0.49999951
0.49999954
0.49999949
0.49999950
0.49999950
0.49999957
0.49999951
0.49999952
0.49999951
0.49999954
0.49999950
0.49999950
0.49999951
0.49999949
0.49999953
0.49999952
0.49999954
0.49999953
0.49999950
0.49999952
0.49999952
0.49999953
0.49999952
0.49999953
0.49999953
0.49999950
0.49999950
0.49999953
0.49999953
0.49999955
0.49999954
0.49999954
0.49999952
0.49999951
0.49999952
0.49999951
0.49999950
0.49999953
0.49999950
0.49999951
0.49999954
0.49999951
0.49999951
0.49999952
0.49999952
0.49999955
0.49999954
0.49999952
0.49999951
0.49999952
0.49999951
0.49999953
0.49999953
0.49999952
0.49999953
0.49999957
0.49999954
0.49999953
0.49999952
0.49999952
0.49999954
0.49999952
0.49999952
0.49999951
0.49999953
0.49999949
0.49999952
0.49999949
0.49999951
0.49999951
0.49999955
0.49999952
0.49999953
0.49999953
