0.50003156
0.50000093
0.49999887
0.49999956
0.49999952
0.49999953
0.49999952
0.49999952
0.49999952
0.49999952
0.49999952
0.49999953
0.49999953
0.49999952
0.49999953
0.49999952
0.49999952
0.49999952
0.49999952
0.49999952
0.49999952
0.49999953
0.49999952
0.49999953
0.49999952
0.49999952
0.49999952
0.49999952
0.49999952
0.49999952
0.49999952
0.49999953
0.49999952
0.49999952
0.49999952
0.49999952
0.49999953
0.49999952
0.49999953
0.49999952
0.49999952
0.49999952
0.49999952
0.49999952
0.49999952
0.49999952
0.49999952
0.49999953
0.49999952
0.49999953
0.49999952
0.49999952
0.49999952
0.49999952
0.49999953
0.49999952
0.49999952
0.49999953
0.49999952
0.49999952
0.49999952
0.49999952
0.49999952
0.49999952
0.49999952
0.49999952
0.49999953
0.49999952
0.49999952
0.49999952
0.49999952
0.49999952
0.49999952
0.49999952
0.49999952
0.49999953
0.49999952
0.49999952
0.49999953
0.49999952
0.49999952
0.49999952
0.49999953
0.49999952
0.49999952
0.49999952
0.49999952
0.49999952
0.49999952
0.49999952
0.49999953
0.49999952
0.49999952
0.49999952
0.49999952
0.49999952
0.49999952
0.49999953
0.49999952
0.49999952
